[logobray2.jpg]
filters=Orton=1,28.654972,66.666672,30.994152;Boost=1,50.000000;
moddate=5d7aa0e41b90cf01
width=3072
height=743
textactive=0
